046212
047996
048948
047591
018190
020353
048176
020840
022609
018594
020797
049533
047590
018470
018646
016836
019869
016622
019879
045059
019497
048442
020466
020026
047926
016434
022079
019041
020436
021246
017257
019829
021087
018865
021724
020855
019327
049253
017819
019424
048238
022561
016584
019263
020382
048508
020784
049064
018648
049480
016417
049534
021470
049368
019118
017759
017601
020888
021021
048435
018076
048453
018931
048580
022358
017131
019779
049646
049624
016470
020217
047252
020046
044124
018533
049008
021479
048215
016832
048913
022108
016477
016759
021652
019890
019571
016962
047838
047794
019135
019818
022549
022615
016429
019675
049525
020894
048654
019603
017845
047566
019322
020170
016833
047341
021323
048810
016426
019939
047397
018295
017181
018624
019864
016540
049495
019254
021686
021649
017075
019131
021641
047843
020711
048997
049140
017185
019700
049599
017579
049393
018607
016576
019459
019545
017182
019011
048884
016737
022421
047266
018436
017517
049522
017264
016767
019000
018483
020158
018676
018754
016987
019261
021687
021753
021747
019009
021587
018639
020475
020565
016900
049269
049515
047607
048891
049452
047325
017183
048008
047626
021522
019126
021229
048634
022369
016392
048152
016887
021106
018909
018116
049216
048908
048652
048443
020507
016748
017296
021485
017082
049302
016530
019265
021025
018357
022425
016979
044096
016587
049395
019626
021736
017030
048345
019445
019742
020916
048382
048812
021765
018374
046180
021263
019262
019123
020173
021020
021609
044126
044100
021172
022512
018906
019623
020128
019439
016461
047645
020181
019330
021752
016629
049217
020966
047655
049641
049479
019525
016627
020638
017089
017742
019770
016401
021735
019913
020096
049653
047665
020212
044119
019723
021071
017113
019858
019064
016505
047708
047712
018825
049136
016541
047270
022196
018484
049554
022245
021275
022368
048506
021348
017332
046189
018664
049118
019174
044145
048571
047619
022376
049434
021489
019786
047641
017875
048045
021933
047923
019170
017846
018614
017904
020164
048582
047609
017179
049611
048657
017146
021668
019140
048487
022167
020535
021635
046190
016752
018616
044109
019500
020178
019326
016644
018864
019257
017116
018064
021581
047993
019530
019836
048211
022540
019442
047771
047688
020827
049405
017525
044150
047952
020251
017441
022019
017481
017694
048689
047918
019463
022257
020303
048043
048052
049145
021371
020420
019517
019634
046230
021693
018942
048502
049230
046217
048870
016642
019866
021553
017228
019438
049600
047947
016921
049465
020973
020423
019670
019441
018650
019680
020749
020265
017291
020762
046222
049654
022596
022542
047834
020891
016772
022372
018802
019313
020969
019538
048493
016790
018255
048663
049626
018499
020773
047657
017968
017521
019586
019446
022298
048015
021384
018645
018224
020532
017367
022440
047251
021667
048605
018968
021660
018419
018309
020346
019766
021754
020435
017026
047553
019367
048305
049484
019706
022594
048893
017350
020190
021073
048906
018485
019273
017580
047823
017156
044089
019127
016640
020578
020680
022413
018920
048004
049314
020445
019744
021301
021850
020035
021659
016546
018926
017124
047656
019621
018640
017811
020990
048599
019911
018724
020403
048195
017586
048169
046208
046220
019588
019940
049155
019839
018047
047714
047603
049231
020387
021742
020159
022319
021290
019444
017290
049031
021388
020185
016650
016487
019079
048865
018504
018299
049067
049002
017070
016618
048449
049093
049071
016616
016438
016700
046207
020622
048009
016646
019639
044102
022322
021727
019141
019812
021695
021690
016719
022543
021387
019156
019277
018370
048016
021183
016394
022317
019969
049182
017994
018584
020845
020987
048446
049126
017160
049499
021372
020213
019542
019455
048165
018779
018930
016465
021000
019449
020298
048750
017510
021074
021466
019036
019044
019047
048010
022218
021784
018851
021683
020052
018476
019925
017112
048199
018878
019278
021456
022274
020886
018437
022436
049435
018148
019646
017745
049056
022402
021562
018778
021746
048834
016507
048213
046223
047672
016525
046178
022467
021820
021547
020809
020028
047913
019176
016808
017241
018887
019831
017737
020481
016917
049072
047543
019943
017559
047522
019431
018280
049640
016731
019031
016937
021542
016472
048871
047413
022595
048655
019771
020302
018697
019798
018588
016393
018599
020852
017233
016476
048281
016518
044141
020352
018002
048031
022265
020299
019948
021623
049652
049367
018393
019935
049521
020361
048459
020751
020025
022342
021764
048674
021003
022223
019175
017443
016458
019437
048556
020851
020482
019855
047467
047898
017987
019139
048520
019842
047900
019027
020166
018936
047558
049466
047248
021102
018229
021310
018243
047663
017939
017866
020197
022591
022294
047339
022066
021362
019334
019850
047605
018674
022365
020176
019602
018389
017078
022593
017255
021459
016654
049244
049397
017921
018213
044147
019033
021306
016547
020932
048277
020297
049247
018091
018130
019109
018321
047872
047333
019776
049273
020112
016769
049432
016519
016589
020414
018296
022547
018622
021584
021179
020986
019532
049143
018375
049009
018967
021242
017093
019840
019458
018143
048664
020884
022521
019719
018373
022403
021758
022098
016527
046203
048434
016514
020525
049388
019311
021444
021123
049030
021508
021034
021548
049206
020188
021288
048814
021666
018768
019907
049601
049144
049481
020056
021558
048284
018605
017426
021078
047408
018815
020769
019256
019436
021253
020625
022552
016633
019290
048247
016515
018061
019559
048172
047592
016420
022405
048054
047726
021651
019045
019164
020863
019877
018612
022548
048894
022585
020464
049385
048528
016732
021334
018278
018882
021639
022515
016839
047668
022588
019909
049024
048557
019896
047680
019356
021592
047508
022357
016462
021365
020472
049379
020150
017178
021540
048457
049190
016400
019637
020314
019923
017101
048376
018669
048867
048866
021689
049192
018055
021401
021352
021264
047466
048433
021322
049280
016717
049603
018242
022007
021583
049578
018855
020162
021338
016592
020439
021607
049594
049547
018365
018941
049482
049081
021039
020204
022087
020064
019643
020351
019321
020474
049003
017187
021453
019957
022518
020900
049063
021565
020746
047925
019895
017326
022419
022301
019147
016641
048171
048740
019875
048283
016500
018241
018850
047643
016634
021005
016441
021656
048995
047924
018557
020444
018318
021685
019689
018899
019632
018615
016389
049541
016785
016412
044098
016854
049464
017240
019640
020929
049272
048501
049442
021037
021424
018603
016958
016771
048219
048450
047829
017772
020183
016886
048635
021524
047717
046235
047634
020992
049282
049589
022315
047915
020399
021484
021216
019339
047396
017104
022012
022015
017431
020890
049612
021626
048642
019149
019975
016512
021777
018617
047334
019996
022316
020989
048758
016398
019343
020107
047637
016980
047676
044122
048673
049520
020478
016396
046201
022172
019787
017265
020805
020407
049069
021048
019046
021135
018482
021759
020642
016954
018916
021307
020041
017433
019547
049116
018006
021785
049055
017816
019540
020794
022271
044103
020310
017330
022203
019844
022610
020988
021115
049012
020951
021655
017142
021761
049407
016776
019628
018597
018481
021556
021308
019694
020122
018732
020410
048675
018919
021027
021663
048346
018891
048517
022560
047891
019422
047338
022545
018088
020844
017826
049218
020024
047795
049229
046174
022554
019161
019260
019357
021465
019707
047727
017577
048755
020169
048650
020023
019636
020670
049271
018905
049438
019938
047595
048184
019274
048546
019699
020761
018344
019005
017174
021574
047545
020866
018866
048583
021480
048728
022150
019007
022590
016658
020071
018677
019370
019856
019889
017706
021674
016730
017836
020623
016656
020997
048491
021046
049483
047428
049643
017530
044118
017645
016831
017133
017477
022192
048438
019024
048665
020527
018488
016460
046188
021349
018304
017491
047897
047941
020776
049132
047598
049500
016949
022557
017072
047461
017362
022511
022094
049596
020446
020923
017173
044114
046193
047425
044168
019848
047265
044155
018682
048490
017214
017870
022567
022586
018903
021713
021134
019520
048887
047219
021523
049279
049683
022296
019461
048499
019535
019582
022367
021645
021636
021633
048019
047337
021449
048497
018355
049428
018927
020171
047247
020476
048275
048555
019252
049127
019196
016669
020954
019259
020772
019089
048679
018329
017822
019981
048212
019451
017331
047649
047506
049526
049556
021478
049648
020413
021022
047606
018491
019488
021254
020315
017743
020070
048811
020013
020559
021131
021658
020369
019478
019941
019029
019539
022352
020050
021745
047830
017153
019783
017644
048572
020925
047826
021035
047507
020901
020434
020086
047991
016502
020570
049274
047653
020343
048708
016499
017907
020483
018665
047989
019479
021684
016643
021601
048198
048220
021423
021385
019828
047678
049004
018480
047250
020485
047564
049597
020808
017126
019894
022302
018461
019852
019124
016536
019768
016539
018313
018872
048495
049645
018827
021475
016927
021440
021461
021406
047403
048753
048362
019724
047324
021324
049675
017180
022131
018291
021582
049082
018390
020802
016652
022442
021640
047406
019020
047256
021913
021379
020497
019861
022282
019755
021104
044151
048636
019286
019711
047443
048461
047556
047919
020887
048339
048287
019350
020963
022568
017482
049062
018555
049467
048677
019874
047836
020479
022332
019638
049625
020896
019323
019023
016508
048166
019949
044111
020426
018725
022095
017515
048337
018606
018868
017712
049178
016435
044097
020068
049006
049370
020755
016788
018723
021304
020843
021112
019577
020092
022461
047627
048964
018932
020648
018475
018977
019994
018781
044166
019268
022360
018150
044164
020477
020935
018474
020214
044144
047992
048202
018239
047538
019035
047350
021164
021019
020753
047596
048498
018135
019420
048965
019411
019430
048289
048246
017552
016744
019316
021744
047647
048590
048688
044153
021357
019927
047602
016846
020693
048672
048644
046231
021360
019849
020583
018112
018114
049026
017928
049623
016681
016516
018042
022451
017190
016830
049448
049133
049494
048237
021595
022604
048872
016473
047661
016728
020926
047255
021353
017081
021665
019335
020858
044161
047552
022276
019040
018449
017919
019163
022040
018877
016529
047899
047559
047988
017164
049674
021185
048474
016600
049252
048735
016858
021126
020449
019394
019178
019250
049445
022616
047995
049422
022359
019271
016636
044138
020799
020983
019859
017157
019720
018886
022237
021711
018266
049264
021447
020194
019331
021586
044093
022569
020220
021610
049303
047904
020774
018520
049025
049408
020804
020411
022558
021463
049642
017184
020847
018908
047943
018993
020246
016611
019912
016763
049655
020102
022325
020120
049503
018590
020915
020824
021077
049108
021694
019884
020397
049423
047914
019561
019369
022371
018346
046179
018729
020191
017895
016617
020582
021560
048304
019899
046195
047881
048344
019283
016928
019025
017068
020757
019933
016911
017111
022320
020842
049650
020487
048963
019885
020984
021462
019287
020108
021468
019032
019172
048440
047951
020202
020448
016621
021787
017342
016603
018428
020168
022362
049246
018473
018995
022291
016497
021608
049392
021107
048530
017188
019097
020177
016456
046225
017069
048439
018922
021464
049531
048207
017450
018226
022311
021448
019872
020810
047994
018127
049007
047788
018782
018441
044106
049292
018913
022285
020806
048488
018859
019743
048886
044092
018998
047342
017964
020348
047728
020277
016889
021439
019489
048424
047565
016653
047792
048699
020091
049001
018187
048348
048341
018153
022068
049153
022415
049125
019314
021358
020356
019425
049220
016498
018937
021381
019883
017973
021001
019914
047410
018871
021002
048053
049588
020042
018119
019936
049179
047326
016860
020930
019905
020044
018264
018960
017346
019900
020262
019593
020193
021434
017361
021142
021100
018561
022018
021174
017966
019341
048751
020404
017063
046228
020681
019919
018156
044137
017144
018003
021692
018686
021691
019490
017250
048383
016975
048568
049485
021031
018598
021606
019423
020131
022573
048591
048167
021783
047249
018793
016468
021176
020349
047329
017912
049580
047906
046215
017408
020045
020301
016416
016558
021708
022581
047654
049433
046176
020272
021454
022278
020811
047158
021729
018863
020993
020521
017073
019022
019053
048759
019823
047646
049122
017724
021555
016736
021391
020249
020956
021386
018478
022318
017209
020530
021561
047942
018160
020534
016657
049512
044169
022514
016639
021483
021267
018081
020524
019416
017154
017208
048377
021227
019527
021023
047267
048609
019137
020664
021265
049260
018982
048643
019635
017801
047322
048757
017891
018880
049233
049658
047922
019336
021280
020451
049657
021411
018885
048962
017553
048156
018205
048752
016452
020764
019125
049364
022404
020918
021955
016630
020242
049469
016685
016915
049576
020062
049553
020763
021634
020206
018918
021327
022424
018349
021762
048050
019946
019847
020034
020815
049517
019521
022288
020321
017189
044091
020118
019841
021038
018914
019129
044113
020415
048503
019166
016918
021576
048020
018497
018799
047269
016631
021925
020061
048175
017707
016464
019926
049550
048998
018912
046216
021419
044110
022299
016766
022422
018287
017334
020141
017341
047550
019696
018261
016791
048600
049656
018093
019284
047790
019453
018737
021474
020174
048869
019434
018487
020401
049073
016855
016647
016871
018911
021579
016583
047841
016432
018651
049293
018591
020029
021554
048723
022354
016478
019947
021733
020991
016632
021230
021631
048837
048298
048567
020978
020370
019887
019157
022336
017138
049595
018986
018641
048559
047610
020927
049524
019693
022295
018621
016471
020406
020998
049119
021099
049022
021355
019816
021648
019893
022580
044105
022113
019253
021650
020551
019258
020777
021329
020051
047789
016645
017370
016963
020300
019578
016920
047831
019312
017534
047504
019763
048047
048463
019063
018833
022284
049439
048201
018888
020996
019433
016934
019835
021047
048668
021043
021339
019876
019633
019349
020756
020172
017029
016528
018894
019882
021343
046224
018881
021243
048431
021237
020471
046233
020484
021716
021599
048690
019417
017212
021139
048863
017402
046234
047725
022011
021276
016973
017077
019778
016914
019536
020889
020124
019862
020073
048451
049232
048456
021740
044159
047772
019267
019880
018550
020347
019960
047927
021108
048816
016856
049647
019860
048334
020398
046232
017221
020917
048569
044115
016651
048427
019556
020182
048994
016451
022300
048808
020286
047331
018658
049251
019888
021675
016532
017583
020105
048685
020104
021255
020360
048835
019544
048662
022222
049514
017087
022513
016775
018996
047633
049019
019155
019916
020419
049401
020418
049400
049084
022370
017488
019997
049027
047903
019030
048547
020469
022363
019285
020898
049530
048204
017468
019631
016747
021588
021010
047336
017485
022466
020215
021133
016474
021839
020165
020818
021755
019950
021354
017862
020189
021007
020853
019134
047835
021042
016912
020619
046192
021613
019553
049152
020290
020032
018566
049609
018722
022013
019769
047620
016418
020924
019772
048670
049518
047323
019409
022516
044128
018110
021723
046194
020867
019843
016475
018305
019870
021503
049618
020473
019833
017657
019128
019546
019827
047463
022530
020319
048531
021356
020602
018147
019223
019447
022080
020440
047658
048553
019051
022458
017851
044130
018893
019873
021661
017918
049095
017197
020893
018307
044129
048049
019562
021336
022281
020566
019038
018712
048280
017499
049121
016789
017262
018493
022287
018290
048667
021186
019294
019924
021239
018763
020611
020205
017206
021118
022303
049267
016745
020408
049159
048386
049549
016861
019332
018879
049147
020467
020103
018907
021802
048274
016909
017143
017550
016440
021390
016932
017258
017799
019942
020065
021756
047667
021751
018040
048604
049023
019255
021328
046175
021543
021469
047547
021072
019026
016577
019004
048686
020550
020273
048584
020899
018901
044131
019201
018096
048754
021064
022507
048680
019351
048188
019418
047677
019039
016760
048012
021004
046191
021404
049527
049411
046205
018714
022439
018367
020821
021413
019597
019317
019790
017833
049528
020187
020057
021739
021786
018668
047840
018873
016439
047544
022583
018623
047597
019048
022574
022417
016537
016664
016837
020999
049608
018595
047263
018875
018678
021302
048205
019426
016437
019138
021763
021637
016967
020608
019688
019242
018618
049519
048862
021528
022528
016544
019785
019299
021603
018494
047623
049129
019971
049516
047321
048153
019686
049555
018490
021206
017708
047562
017750
047870
019412
022353
018026
016436
019560
018925
020350
022584
019315
022459
019845
018033
019171
017372
022323
045074
016501
048426
048778
019832
016619
019666
019967
049410
018985
021132
019454
018933
048529
019428
049075
020060
048726
048023
021061
016469
049135
047873
048732
019795
020922
021730
016868
020069
018289
019055
021145
019152
016457
022378
019495
049593
020614
044132
021572
017091
020320
020270
017373
019189
049431
048833
021630
016940
047589
047395
022314
016625
018074
044104
019931
021780
018803
048290
017175
021741
048836
018601
017141
048554
021654
048297
017717
018092
022572
021852
018600
021435
020054
016746
019016
049678
047662
048577
048558
019522
017695
021068
020323
021458
049032
021725
049137
019857
020043
047154
047349
048428
019324
019013
021732
019153
020787
020163
019554
020841
019018
047332
021446
021006
018593
048447
021564
047346
048707
049304
048586
019381
020084
049587
048432
022608
018469
018613
021718
021531
021211
018496
021266
047673
020355
021173
049150
048187
021101
047635
049105
048864
021125
018944
046226
020759
049000
048477
020121
021638
017841
018752
020180
048653
016964
021414
017757
020184
020860
020161
021551
048492
020798
016735
016847
016463
048589
047604
020362
016430
019342
018182
020962
048603
017102
048861
049151
048996
021041
018939
019234
020417
021467
044127
018708
016534
019440
018549
016433
021214
049141
018157
017253
016591
021344
016391
022017
021128
048161
020364
020195
049511
017474
019897
019552
020113
049123
021731
019008
020208
019655
049060
049491
049124
018471
022373
019328
047960
022418
019944
048155
021570
021585
022463
046213
019348
019197
047505
022524
020441
021549
017483
048516
019541
019151
018857
017953
018928
016838
049424
021477
046186
047709
022324
016840
016869
016421
048885
048882
048385
018890
019471
016660
018013
044136
022470
016722
020468
018952
021473
018898
049425
048295
049399
049053
018004
018245
048381
019930
019002
018314
021757
017161
047327
048013
049054
019980
048607
018915
049259
020678
049234
019319
047382
019028
020063
021596
019249
016787
020316
020424
048658
044099
020110
048436
047563
049677
019865
017132
016545
021178
049029
021165
022546
022120
048380
017090
047671
048505
049443
047917
048725
019715
017752
049222
020610
049610
017842
021252
048248
019111
022188
019052
022366
020207
044149
017076
019692
044133
048186
016517
048756
021017
016579
019814
022304
017363
049177
018450
020816
019929
047462
046187
049505
019143
047636
046204
019736
018917
016919
021997
022614
021450
022564
017320
016783
022522
020425
016483
021067
020309
049447
020437
047659
048214
021389
048240
016581
047599
049134
022293
021335
048999
049096
019264
022443
048174
020196
046198
049117
046181
019160
019945
019528
019354
049283
047959
044146
021529
017705
021137
022431
019270
022566
017458
016575
047600
017794
021040
048683
019624
049369
016960
048813
047593
022266
020480
049498
047268
022441
018870
021028
016448
048510
049028
049714
022032
017920
018308
018626
018805
020607
016427
020129
049248
018188
016543
021749
021726
021244
018274
022575
047997
018856
019355
020203
047901
048217
021129
049513
048464
021545
049673
047912
016431
017673
018311
020595
048733
021445
049265
020825
019251
020117
017191
016637
018054
019019
016481
016786
048051
017421
020192
049176
019793
020334
018267
020859
022432
020409
048236
048656
017513
048022
020048
018611
047640
048509
019664
022612
020857
017967
021664
048838
019915
018609
020106
049552
019644
019529
021931
018495
021326
049219
022290
049204
048250
020775
021797
044134
020240
049586
049094
020179
021662
019789
049115
019279
020127
047628
020133
049107
021575
019450
021175
048014
022420
019159
019042
048294
019830
019352
048633
020119
049154
022460
018947
017779
022310
017092
018862
046202
018395
046184
019150
019868
021526
019951
021152
021219
047660
017736
017633
049412
021525
021418
047264
018338
046209
047399
047431
048632
049005
018896
021728
020031
046183
020960
016945
047402
049188
047827
021032
049266
046200
018984
017837
021110
019338
047407
016504
048306
049106
020209
017139
049281
021245
020080
017865
049270
017085
019837
048500
022377
048504
049331
019524
019985
018085
022538
017088
048209
019021
022613
048021
021552
016506
018630
021948
020443
022550
016648
049529
048698
048907
019565
016969
016467
018760
021124
020066
047340
020115
017074
047551
021568
016480
020882
047624
022138
049245
049523
021080
021045
020291
019773
021361
020312
016943
020656
019906
016770
021602
019921
022261
048430
022044
016966
016888
017399
018277
016768
046221
020549
044095
018371
016511
049142
021409
049175
048216
018398
021030
018083
019982
021170
044123
019902
019001
048926
020211
044165
021436
047608
020199
016774
019550
049453
019410
049613
047629
018103
018479
022579
047720
020933
044154
022146
017894
017322
048251
020198
019167
047156
021109
020130
021657
048444
018860
022097
044121
019551
019722
022306
049501
047335
019740
044116
021471
020412
020307
047411
047347
048574
019303
044157
049496
018935
021240
017582
017140
049131
019564
016399
048575
049436
019881
022433
048006
022434
021815
048496
019604
046206
020850
021066
049429
020030
021441
022345
022426
019006
016578
019910
022592
021644
018610
047839
021231
020727
017503
018530
047990
016620
049437
022101
018412
017245
046182
020766
048809
022356
022410
048190
019558
020266
020027
049598
047557
020953
019513
019320
019952
048868
019537
044148
048336
022525
022289
047722
021407
022601
021069
021544
016590
019871
047642
044088
019867
017386
020075
019774
016548
019523
019746
049068
020630
019347
020862
049723
020868
017606
019782
020912
048458
017186
048676
016510
048892
017834
016976
021363
021299
022308
020717
017027
017889
022477
021781
048682
021954
017119
047679
020438
020359
019892
019154
048245
017371
022283
016533
021082
049363
020833
018544
019329
048046
018883
018740
021992
019533
016395
020669
021563
021788
022193
020317
018517
020358
018486
020865
048473
020897
047793
019457
049080
047683
017125
047621
020313
017700
016913
021247
017923
016556
021405
049258
017685
021127
047594
047648
019549
049235
019878
016933
017512
021036
020934
018269
048007
021488
018492
020793
049387
018080
018562
049427
047625
021946
022093
019452
049398
019780
017721
021111
020116
021643
019280
049409
018524
019576
048429
048587
019863
016974
021167
017494
021130
048210
019781
018501
016513
021591
044158
016422
021177
022541
019144
016792
048286
049548
022553
048592
020367
020892
019486
018940
019107
020601
049396
022476
047651
019775
020396
019792
019788
048581
016606
018512
020047
048441
018472
048678
021868
016950
019690
049493
021760
020363
019460
019325
021848
049149
048608
017105
048573
016531
021580
019310
019629
021337
019136
021141
017232
022472
021968
022605
021567
020305
048335
016509
018625
019748
020304
046177
018897
016626
021325
020470
019162
047711
048279
048602
019408
048273
022297
047644
019961
044108
017730
018082
017762
021171
020758
021052
018854
017340
019491
016538
016428
021789
017067
020812
017896
022031
048666
020486
019800
044117
018670
047916
048588
019908
048170
017410
019272
018874
021425
019698
019414
019266
049139
021012
020741
020123
020848
017977
018387
019526
021070
018929
019010
018183
022321
022416
019448
047253
020523
016542
046211
016425
018876
019979
046197
019208
018869
019531
018451
044107
019346
021256
020447
020450
016615
048011
020952
021766
018945
021313
048681
022578
022157
022313
017972
048206
017726
016951
019630
019034
047541
044139
017516
022462
022379
047271
021026
048282
021717
020109
022576
049394
018923
018999
047687
016580
049386
018970
022506
020391
047972
048579
044101
044167
019891
020324
021750
020690
017782
019932
016956
018129
019133
019903
047650
047345
048249
049205
048691
016484
018303
020055
022187
049061
020767
048292
019443
047905
047169
021119
019050
022180
021330
016835
048638
048659
018589
047484
019627
022361
020252
019808
017343
047869
019555
017058
049602
017792
020137
021315
017103
019169
019419
020768
048276
047670
049644
019563
019953
019337
017709
021309
019432
017071
047160
021767
018539
049021
020689
020306
020442
016649
019462
049268
018702
019762
020400
020961
019012
016773
022607
019918
047946
017100
044090
019543
048005
017561
020609
017734
020616
049128
048032
019917
018120
047546
048578
020959
018620
019534
017345
019017
019344
017702
022577
048203
018853
048527
019049
047412
047254
017145
048347
018826
048296
017163
049013
021481
016624
020995
019484
018900
049676
017086
019392
016809
020813
049468
019158
048606
049307
021443
021737
021377
021122
016628
019557
018943
048486
021113
047828
018238
016667
021342
016890
048764
021590
022169
049101
020846
018545
020175
021138
047945
017668
019784
019276
020465
017996
020771
016829
020796
022286
019413
018202
048651
047560
022312
044156
047681
017252
019345
021421
048221
016834
017624
021076
022241
047896
020200
022305
019429
019820
016466
019937
017429
016885
021734
022475
048303
044094
019777
048518
016588
017514
020311
017527
019177
017492
018104
049181
048815
020958
017172
016503
020357
020713
019230
049446
021426
047664
022539
018602
049180
021408
021316
018500
018554
020322
021573
017776
019697
020036
021743
017847
016862
016753
019625
018587
021605
018681
049492
017729
019854
049583
020308
018902
047911
048340
018543
019142
021642
016586
021432
022176
018392
047921
022374
044125
044162
018592
020132
021999
020125
020040
022216
048329
020365
020931
048425
048519
021317
016459
019901
018507
020885
019922
021647
049261
048384
022537
048669
018924
019269
020675
047161
021738
021321
046196
019145
019390
016957
047328
016935
021351
021241
018008
048684
022375
018660
022471
019851
049591
020957
020058
020856
020354
021223
016482
019098
021460
020378
019691
048194
022562
049065
017849
022606
019853
018466
018904
022602
020067
021577
049215
021438
047409
021289
016784
017248
044112
048278
047537
021834
019014
016479
021589
049070
022571
017880
019934
021557
018757
019904
022423
044163
019043
046185
017495
021499
048883
019846
021704
048585
018852
020201
049504
048700
048687
019173
016455
021420
018315
047222
022414
019767
020318
047536
016623
021105
020770
021044
020186
019983
021300
019641
020049
021136
016938
017648
016419
020518
022555
022556
017152
021521
018684
020861
047652
018075
044135
019353
020854
018070
048881
021926
016944
017420
021541
016424
016870
021366
049454
016638
047405
018889
016655
017328
017106
019427
021451
046227
020405
019718
019301
020368
021938
017595
017835
048489
046218
021673
016526
048048
048151
047773
020463
017699
020160
020752
046214
049715
020111
019758
049189
048896
019642
021140
018066
047669
022457
020739
021024
047155
022559
022307
021455
049138
020754
022565
019435
019281
022364
022292
048570
017625
019015
021081
016635
049146
047666
016397
019687
021617
021208
018077
018938
021578
021604
021546
018382
044160
047157
016764
049558
020994
048576
016614
047494
019282
048507
021195
016961
021782
016727
016423
021520
048291
046199
047465
021412
019898
019708
048455
019886
019168
047868
049221
022038
018867
020760
021410
017365
018895
022587
048739
044152
020921
019993
047837
020393
020928
018288
018498
018858
019340
019721
047920
020416
019684
020864
047159
046219
018934
048243
021495
021653
016729
019928
047825
016582
046210
047503
022118
021457
049649
021378
049148
019834
048288
047601
019037
021033
022309
022582
049305
021314
018731
017176
020151
020795
047853
049551
021075
018946
048895
048154
020895
022249
021383
020134
020955
049430
047542
020402
047796
016390
020231
018948
020136
049066
047674
048724
021018
016959
048897
019456
018796
018439
044140
017599
017315
019920
017573
020167
018638
021452
021415
021287
020126
020792
020366
048692
017418
018604
018719
018884
047682
046229
047842
021079
018608
018892
018526
048200
048185
018921
020807
049263
019148
020803
021029
021550
048437
021482
018503
018468
017129
020883
047427
047464
019992
049228
016910
016946
020849
